000000000000000077777777770000000000000000
000000000000077771111111177770000000000000
000000000007711111111111111117700000000000
000000000771111111111111111111177000000000
000000007711111111111111111111117700000000
000000071111111111111111111111111170000000
000000711111111111111111111111111117000000
000007111111111111111111111111111111700000
000071111111111111111111111111111111170000
000771111111111111111111111111111111177000
000711111111111111111111111111111111117000
007111111111111111111111111111111111111700
007111111111111111111111111111111111111700
071111111111111111111111111111111111111170
071111111111111111111111111111111111111170
071111111111111111111111111111111111111170
771111111111111111111111111111111111111177
711777777777777777777777777777777777777117
711777777777777777777777777777777777777117
711777777777777777777777777777777777777117
711777777777777777777777777777777777777117
711777777777777777777777777777777777777117
711777777777777777777777777777777777777117
711777777777777777777777777777777777777117
711777777777777777777777777777777777777117
771111111111111111111111111111111111111177
071111111111111111111111111111111111111170
071111111111111111111111111111111111111170
071111111111111111111111111111111111111170
007111111111111111111111111111111111111700
007111111111111111111111111111111111111700
000711111111111111111111111111111111117000
000771111111111111111111111111111111177000
000071111111111111111111111111111111170000
000007111111111111111111111111111111700000
000000711111111111111111111111111117000000
000000071111111111111111111111111170000000
000000007711111111111111111111117700000000
000000000771111111111111111111177000000000
000000000007711111111111111117700000000000
000000000000077771111111177770000000000000
000000000000000077777777770000000000000000